#CRoSSeD model, can be used in crossed_test.pl
R:19 
F:1 S:0 B:7
2.21638571428571	2.39857142857143	2.58075714285714	2.76294285714286	2.94512857142857	3.12731428571429	3.3095
F:2 S:0 B:0
F:3 S:0 B:7
8.61428571428571	8.77857142857143	8.94285714285714	9.10714285714286	9.27142857142857	9.43571428571429	9.6
F:4 S:0 B:12
-2.25	-1.8	-1.35	-0.9	-0.45	0	0.45	0.9	1.35	1.8	2.25	2.7
F:5 S:0 B:0
F:6 S:0 B:0

